      50  0.800421E+00  0.794437E+00    0.100E+01    0.100E+01
     300  0.847260E+00  0.785277E+00    0.100E+01    0.100E+01
     510  0.847042E+00  0.867544E+00    0.100E+01    0.100E+01
     702  0.893382E+00  0.903832E+00    0.100E+01    0.100E+01
     792  0.970613E+00  0.881156E+00    0.100E+01    0.100E+01
    1042  0.907155E+00  0.930071E+00    0.100E+01    0.100E+01
    1122  0.883719E+00  0.926754E+00    0.100E+01    0.100E+01
    1312  0.880813E+00  0.849499E+00    0.100E+01    0.100E+01
    1392  0.813612E+00  0.892760E+00    0.100E+01    0.100E+01
    1462  0.804555E+00  0.968314E+00    0.100E+01    0.100E+01
    1555  0.702983E+00  0.915834E+00    0.100E+01    0.100E+01
    1645  0.627026E+00  0.940731E+00    0.100E+01    0.100E+01
    1715  0.557474E+00  0.895156E+00    0.100E+01    0.100E+01
    1885  0.483459E+00  0.914673E+00    0.100E+01    0.100E+01
    2085  0.406743E+00  0.922511E+00    0.100E+01    0.100E+01
    2335  0.323977E+00  0.916836E+00    0.100E+01    0.100E+01
    2425  0.327701E+00  0.933672E+00    0.100E+01    0.100E+01
    2549  0.250086E+00  0.926180E+00    0.100E+01    0.100E+01
    2759  0.241861E+00  0.846382E+00    0.100E+01    0.100E+01
    3009  0.182286E+00  0.892515E+00    0.100E+01    0.100E+01
    3229  0.205032E+00  0.903001E+00    0.100E+01    0.100E+01
    3641  0.118020E+00  0.861875E+00    0.100E+01    0.100E+01
    3861  0.136381E+00  0.854153E+00    0.100E+01    0.100E+01
    4111  0.102748E+00  0.777088E+00    0.100E+01    0.100E+01
    4568  0.591428E-01  0.721708E+00    0.100E+01    0.100E+01
    4698  0.738150E-01  0.729785E+00    0.100E+01    0.100E+01
    4868  0.474613E-01  0.802274E+00    0.100E+01    0.100E+01
    5118  0.402411E-01  0.881670E+00    0.100E+01    0.100E+01
    5327  0.607379E-01  0.924853E+00    0.100E+01    0.100E+01
    5407  0.207125E-01  0.854068E+00    0.100E+01    0.100E+01
    5627 -0.678533E-02  0.781591E+00    0.100E+01    0.100E+01
    5707 -0.861705E-02  0.700503E+00    0.100E+01    0.100E+01
    5837  0.735477E-01  0.705115E+00    0.100E+01    0.100E+01
    6017  0.108447E-01  0.662098E+00    0.100E+01    0.100E+01
    6180  0.156845E-01  0.615892E+00    0.100E+01    0.100E+01
    6370  0.381098E-01  0.539870E+00    0.100E+01    0.100E+01
    6620  0.374200E-01  0.462945E+00    0.100E+01    0.100E+01
    6700  0.520464E-01  0.471846E+00    0.100E+01    0.100E+01
    6820 -0.290219E-01  0.479540E+00    0.100E+01    0.100E+01
    7142  0.349066E-01  0.490782E+00    0.100E+01    0.100E+01
    7392  0.180289E-01  0.410132E+00    0.100E+01    0.100E+01
    7612  0.193975E-01  0.432584E+00    0.100E+01    0.100E+01
    7692  0.232565E-01  0.351495E+00    0.100E+01    0.100E+01
    7782 -0.118210E-01  0.277760E+00    0.100E+01    0.100E+01
    7909  0.433837E-01  0.247915E+00    0.100E+01    0.100E+01
    8019 -0.318313E-01  0.247428E+00    0.100E+01    0.100E+01
    8139  0.492116E-01  0.243806E+00    0.100E+01    0.100E+01
    8389 -0.341464E-03  0.179474E+00    0.100E+01    0.100E+01
    8569 -0.159871E-01  0.131012E+00    0.100E+01    0.100E+01
    8921 -0.308254E-02  0.135904E+00    0.100E+01    0.100E+01
    9171  0.379512E-01  0.697157E-01    0.100E+01    0.100E+01
    9251  0.158496E-01  0.113378E+00    0.100E+01    0.100E+01
    9501  0.520327E-01  0.452497E-01    0.100E+01    0.100E+01
    9810  0.106533E-01  0.188617E-01    0.100E+01    0.100E+01
   10060  0.534235E-01  0.361921E-01    0.100E+01    0.100E+01
   10130  0.169997E-01  0.647684E-01    0.100E+01    0.100E+01
   10380 -0.228433E-01 -0.134635E-02    0.100E+01    0.100E+01
   10609 -0.210859E-01 -0.573444E-02    0.100E+01    0.100E+01
   10689  0.245720E-01  0.583397E-01    0.100E+01    0.100E+01
   10939 -0.475975E-01  0.365532E-01    0.100E+01    0.100E+01
   11009 -0.285760E-01  0.145365E-01    0.100E+01    0.100E+01
   11169  0.374651E-01  0.559860E-01    0.100E+01    0.100E+01
   11379 -0.403509E-01  0.390615E-01    0.100E+01    0.100E+01
   11751 -0.123457E-01  0.467163E-01    0.100E+01    0.100E+01
   11841  0.634722E-01  0.224294E-01    0.100E+01    0.100E+01
   11911  0.365449E-01  0.960477E-01    0.100E+01    0.100E+01
   12161 -0.409974E-01  0.951737E-01    0.100E+01    0.100E+01
   12241 -0.659564E-01  0.650598E-01    0.100E+01    0.100E+01
   12321 -0.413023E-02  0.132886E-01    0.100E+01    0.100E+01
   12443  0.599097E-01  0.190389E-01    0.100E+01    0.100E+01
   12513  0.788333E-02  0.761276E-01    0.100E+01    0.100E+01
   12583 -0.674122E-01  0.780830E-01    0.100E+01    0.100E+01
   12653 -0.562917E-01  0.348497E-02    0.100E+01    0.100E+01
   12743  0.126658E-01 -0.431040E-01    0.100E+01    0.100E+01
   12953  0.573349E-01  0.236801E-01    0.100E+01    0.100E+01
   13033  0.289680E-01 -0.472695E-01    0.100E+01    0.100E+01
   13113 -0.428977E-01 -0.192991E-01    0.100E+01    0.100E+01
   13193 -0.101801E+00  0.290265E-01    0.100E+01    0.100E+01
   13269 -0.228144E-01  0.121437E-01    0.100E+01    0.100E+01
   13359 -0.584628E-02 -0.678995E-01    0.100E+01    0.100E+01
   13519  0.504680E-01 -0.107921E-01    0.100E+01    0.100E+01
   13769 -0.161997E-01 -0.531099E-01    0.100E+01    0.100E+01
   13999  0.422493E-01 -0.506789E-01    0.100E+01    0.100E+01
   14089 -0.369051E-01 -0.670295E-01    0.100E+01    0.100E+01
   14189 -0.662930E-01  0.203888E-01    0.100E+01    0.100E+01
   14259 -0.690064E-01  0.963654E-01    0.100E+01    0.100E+01
   14329 -0.233389E-01  0.314120E-01    0.100E+01    0.100E+01
