      50      0.047725      0.050000      0.002000
     300      0.082267      0.050000      0.002000
     510      0.078109      0.050000      0.002000
     702      0.080491      0.050000      0.002000
     792      0.080122      0.050000      0.002000
    1042      0.023670      0.050000      0.002000
    1122      0.077310      0.050000      0.002000
    1312      0.079922      0.050000      0.002000
    1392      0.076094      0.050000      0.002000
    1462      0.086559      0.050000      0.002000
    1555      0.079933      0.050000      0.002000
    1645      0.083154      0.050000      0.002000
    1715      0.076545      0.050000      0.002000
    1885      0.077115      0.050000      0.002000
    2085      0.082961      0.050000      0.002000
    2335      0.017243      0.050000      0.002000
    2425      0.076371      0.050000      0.002000
    2549      0.080221      0.050000      0.002000
    2759      0.075348      0.050000      0.002000
    3009      0.025046      0.050000      0.002000
    3229      0.079291      0.050000      0.002000
    3641      0.019919      0.050000      0.002000
    3861      0.084084      0.050000      0.002000
    4111      0.016047      0.050000      0.002000
    4568      0.016749      0.050000      0.002000
    4698      0.077132      0.050000      0.002000
    4868      0.079723      0.050000      0.002000
    5118      0.063878      0.050000      0.002000
    5327      0.081318      0.050000      0.002000
    5407      0.077518      0.050000      0.002000
    5627      0.081109      0.050000      0.002000
    5707      0.082294      0.050000      0.002000
    5837      0.076041      0.050000      0.002000
    6017      0.078818      0.050000      0.002000
    6180      0.079260      0.050000      0.002000
    6370      0.076929      0.050000      0.002000
    6620      0.017122      0.050000      0.002000
    6700      0.081433      0.050000      0.002000
    6820      0.077830      0.050000      0.002000
    7142      0.082397      0.050000      0.002000
    7392      0.022494      0.050000      0.002000
    7612      0.081181      0.050000      0.002000
    7692      0.081653      0.050000      0.002000
    7782      0.075975      0.050000      0.002000
    7909      0.075217      0.050000      0.002000
    8019      0.081124      0.050000      0.002000
    8139      0.081204      0.050000      0.002000
    8389      0.050925      0.050000      0.002000
    8569      0.080850      0.050000      0.002000
    8921      0.077876      0.050000      0.002000
    9171      0.048937      0.050000      0.002000
    9251      0.077140      0.050000      0.002000
    9501      0.028927      0.050000      0.002000
    9810      0.046148      0.050000      0.002000
   10060      0.046296      0.050000      0.002000
   10130      0.077192      0.050000      0.002000
   10380      0.051238      0.050000      0.002000
   10609      0.078677      0.050000      0.002000
   10689      0.075386      0.050000      0.002000
   10939      0.029096      0.050000      0.002000
   11009      0.077971      0.050000      0.002000
   11169      0.079635      0.050000      0.002000
   11379      0.075951      0.050000      0.002000
   11751      0.079613      0.050000      0.002000
   11841      0.078388      0.050000      0.002000
   11911      0.077547      0.050000      0.002000
   12161      0.039113      0.050000      0.002000
   12241      0.080640      0.050000      0.002000
   12321      0.077028      0.050000      0.002000
   12443      0.077239      0.050000      0.002000
   12513      0.075321      0.050000      0.002000
   12583      0.075422      0.050000      0.002000
   12653      0.083221      0.050000      0.002000
   12743      0.080346      0.050000      0.002000
   12953      0.076410      0.050000      0.002000
   13033      0.077117      0.050000      0.002000
   13113      0.076190      0.050000      0.002000
   13193      0.076728      0.050000      0.002000
   13269      0.081822      0.050000      0.002000
   13359      0.080203      0.050000      0.002000
   13519      0.078964      0.050000      0.002000
   13769      0.058500      0.050000      0.002000
   13999      0.080825      0.050000      0.002000
   14089      0.082276      0.050000      0.002000
   14189      0.076025      0.050000      0.002000
   14259      0.079401      0.050000      0.002000
   14329      0.086486      0.050000      0.002000
